#werte mal 10^2 mm
#wert 1 #wert 2 #position der uhr in mm
652 152 505
657 162 500
651 173 495
660 178 490
665 193 485
663 205 480
664 211 475
675 222 470
670 230 465
674 232 460
676 245 455
682 269 450
686 272 445
689 283 440
692 290 435
697 298 430
694 307 425
696 318 420
699 329 415
703 338 410
706 343 405
711 359 400
712 366 395
715 374 390
716 382 385
719 390 380
#zweite uhr
875 562 370
872 579 360
879 593 350
883 610 340
883 627 330
885 641 320
891 655 310
889 668 300
891 678 290
896 696 280
900 714 270
902 728 260
904 739 250
905 750 240
909 762 230
908 773 220
908 785 210
910 795 200
911 816 180
911 832 160
912 849 140
911 862 120
911 874 100
909 883 80
909 892 60
