# delta_nüstufe
6.000000000000000000e+00 6.000000000000000000e+00
6.000000000000000000e+00 6.000000000000000000e+00
6.000000000000000000e+00 6.000000000000000000e+00
5.000000000000000000e+00 6.000000000000000000e+00
6.000000000000000000e+00 6.000000000000000000e+00
1.100000000000000000e+01 1.200000000000000000e+01
1.100000000000000000e+01 1.200000000000000000e+01
1.200000000000000000e+01 1.200000000000000000e+01
1.200000000000000000e+01 1.200000000000000000e+01
1.200000000000000000e+01 1.200000000000000000e+01
1.800000000000000000e+01 1.800000000000000000e+01
1.800000000000000000e+01 1.800000000000000000e+01
1.800000000000000000e+01 1.800000000000000000e+01
1.800000000000000000e+01 1.800000000000000000e+01
1.800000000000000000e+01 1.800000000000000000e+01
2.300000000000000000e+01 2.400000000000000000e+01
2.300000000000000000e+01 2.400000000000000000e+01
2.400000000000000000e+01 2.400000000000000000e+01
2.400000000000000000e+01 2.400000000000000000e+01
2.400000000000000000e+01 2.400000000000000000e+01
2.900000000000000000e+01 3.000000000000000000e+01
3.000000000000000000e+01 3.000000000000000000e+01
2.900000000000000000e+01 3.000000000000000000e+01
2.900000000000000000e+01 3.000000000000000000e+01
3.000000000000000000e+01 3.000000000000000000e+01
3.600000000000000000e+01 3.600000000000000000e+01
3.500000000000000000e+01 3.600000000000000000e+01
3.600000000000000000e+01 3.600000000000000000e+01
3.600000000000000000e+01 3.600000000000000000e+01
3.600000000000000000e+01 3.600000000000000000e+01
4.100000000000000000e+01 4.200000000000000000e+01
4.200000000000000000e+01 4.200000000000000000e+01
4.200000000000000000e+01 4.200000000000000000e+01
4.100000000000000000e+01 4.200000000000000000e+01
4.200000000000000000e+01 4.200000000000000000e+01
4.600000000000000000e+01 4.800000000000000000e+01
4.800000000000000000e+01 4.800000000000000000e+01
4.800000000000000000e+01 4.800000000000000000e+01
4.800000000000000000e+01 4.800000000000000000e+01
4.800000000000000000e+01 4.800000000000000000e+01
5.400000000000000000e+01 5.400000000000000000e+01
5.400000000000000000e+01 5.400000000000000000e+01
5.300000000000000000e+01 5.400000000000000000e+01
5.300000000000000000e+01 5.400000000000000000e+01
5.300000000000000000e+01 5.400000000000000000e+01
6.000000000000000000e+01 6.000000000000000000e+01
5.900000000000000000e+01 6.000000000000000000e+01
5.900000000000000000e+01 6.000000000000000000e+01
5.900000000000000000e+01 6.000000000000000000e+01
6.000000000000000000e+01 6.000000000000000000e+01
