# v in m/s
5.042108717051296124e-02
5.043211902417678999e-02
5.041006014215418385e-02
5.042660249398381311e-02
5.042108717051296124e-02
1.008973517181002422e-01
1.006989951944080308e-01
1.008532049879676262e-01
1.010300241069471971e-01
1.009194395796847721e-01
1.008752735229759279e-01
1.509990173599738139e-01
1.513957307060755375e-01
1.509990173599738139e-01
1.511475409836065820e-01
1.511971138078058441e-01
2.021043402016659274e-01
2.020157756354075407e-01
2.014860139860140120e-01
2.020157756354075407e-01
2.014860139860140120e-01
2.517749863462588888e-01
2.520503007107709470e-01
2.523262178434592662e-01
2.523262178434592662e-01
2.523262178434592662e-01
3.022950819672131639e-01
3.020969855832241202e-01
3.028909329829172492e-01
3.028909329829172492e-01
3.030900723208415637e-01
3.532567049808429394e-01
3.527161438408569771e-01
3.516399694889397742e-01
3.524464831804281495e-01
3.527161438408569771e-01
4.022687609075044080e-01
4.033245844269466307e-01
4.029720279720280240e-01
4.029720279720280240e-01
4.036777583187390883e-01
4.524043179587831642e-01
4.537401574803149873e-01
4.537401574803149873e-01
4.546351084812623178e-01
4.537401574803149873e-01
5.021786492374727962e-01
5.021786492374727962e-01
5.043763676148796948e-01
5.038251366120218844e-01
5.043763676148796948e-01
