#nü hin #nü zurück in hertz #stufe
20361 20355 6
20361 20355 6
20361 20355 6
20360 20355 6
20361 20355 6
20363 20352 12
20363 20352 12
20364 20352 12
20364 20352 12
20364 20352 12
20367 20349 18
20367 20349 18
20367 20349 18
20367 20349 18
20367 20349 18
20369 20346 24
20369 20346 24
20370 20346 24
20370 20346 24
20370 20346 24
20373 20344 30
20373 20343 30
20372 20343 30
20372 20343 30
20373 20343 30
20376 20340 36
20376 20341 36
20376 20340 36
20376 20340 36
20376 20340 36
20379 20338 42
20379 20337 42
20379 20337 42
20379 20338 42
20379 20337 42
20381 20335 48
20382 20334 48
20382 20334 48
20382 20334 48
20382 20334 48
20385 20331 54
20385 20331 54
20384 20331 54
20384 20331 54
20384 20331 54
20388 20328 60
20387 20328 60
20387 20328 60
20387 20328 60
20388 20328 60
