# g(x)in m^3
-8.151962500000003997e-02
-7.066249999999996145e-02
-6.010537499999996092e-02
-4.984524999999995210e-02
-3.987912499999995974e-02
-3.020399999999989760e-02
-2.081687500000006796e-02
-1.171474999999999600e-02
-2.894624999999984016e-03
5.646500000000054253e-03
1.391162499999998303e-02
2.190374999999999961e-02
2.962587500000002372e-02
3.708100000000003060e-02
4.427212500000005102e-02
5.120225000000006021e-02
5.787437500000008894e-02
6.429150000000005694e-02
7.045662499999999495e-02
7.637275000000004477e-02
8.204287500000001510e-02
8.746999999999999220e-02
9.760725000000000651e-02
1.068085000000000284e-01
1.150977500000000264e-01
1.224990000000000523e-01
1.290362500000000190e-01
1.347335000000000060e-01
1.396147500000000374e-01
1.396147500000000374e-01
1.437039999999999984e-01
1.470252500000000517e-01
1.496025000000000271e-01
1.514597500000000319e-01
1.526210000000000067e-01
1.531102500000000033e-01
1.529515000000000180e-01
1.521687500000000193e-01
1.507860000000000311e-01
1.488272500000000220e-01
1.463165000000000160e-01
1.432777500000000093e-01
1.397350000000000259e-01
1.312335000000000307e-01
1.210040000000000004e-01
1.092385000000000161e-01
9.612900000000000611e-02
8.186750000000000971e-02
6.664600000000001079e-02
5.065650000000000708e-02
3.409100000000000324e-02
