# diff in m
5.800000000000000034e-04
5.299999999999999807e-04
5.100000000000000366e-04
5.200000000000000629e-04
5.000000000000000104e-04
5.100000000000000366e-04
4.899999999999999842e-04
4.899999999999999842e-04
4.700000000000000401e-04
4.600000000000000139e-04
4.400000000000000157e-04
4.400000000000000157e-04
4.199999999999999632e-04
4.100000000000000454e-04
4.100000000000000454e-04
3.699999999999999947e-04
3.599999999999999685e-04
3.299999999999999982e-04
2.999999999999999737e-04
2.500000000000000052e-04
1.900000000000000105e-04
1.600000000000000131e-04
1.100000000000000039e-04
7.000000000000000742e-05
