# diff in m
5.899999999999999212e-04
5.700000000000000856e-04
5.899999999999999212e-04
5.800000000000000034e-04
5.899999999999999212e-04
6.099999999999999737e-04
5.400000000000000069e-04
5.400000000000000069e-04
5.200000000000000629e-04
5.299999999999999807e-04
5.200000000000000629e-04
5.100000000000000366e-04
4.899999999999999842e-04
5.000000000000000104e-04
4.899999999999999842e-04
4.600000000000000139e-04
4.499999999999999877e-04
4.199999999999999632e-04
4.000000000000000192e-04
3.800000000000000209e-04
3.099999999999999999e-04
2.800000000000000297e-04
2.300000000000000070e-04
1.600000000000000131e-04
1.100000000000000039e-04
