# g(x)in m^3
9.350916666666667099e-02
9.208333333333335036e-02
9.065924999999999678e-02
8.923716666666667297e-02
8.781733333333334446e-02
8.640000000000000457e-02
8.498541666666667438e-02
8.357383333333334718e-02
8.216550000000000242e-02
8.076066666666667504e-02
7.935958333333334447e-02
7.796250000000001790e-02
7.656966666666667476e-02
7.518133333333333612e-02
7.379775000000000917e-02
7.241916666666665947e-02
7.104583333333333584e-02
6.967799999999998994e-02
6.831591666666667062e-02
6.695983333333334342e-02
6.561000000000001553e-02
6.426666666666668026e-02
6.160050000000001635e-02
5.896333333333333981e-02
5.635716666666666652e-02
5.378399999999999848e-02
5.124583333333334462e-02
4.874466666666667919e-02
4.628250000000000419e-02
4.628250000000000419e-02
4.386133333333333550e-02
4.148316666666667513e-02
3.914999999999999730e-02
3.686383333333333179e-02
3.462666666666667364e-02
3.244050000000001099e-02
3.030733333333333543e-02
2.822916666666666977e-02
2.620800000000000213e-02
2.424583333333333798e-02
2.234466666666666546e-02
2.050649999999999695e-02
1.873333333333333794e-02
1.538999999999999917e-02
1.233066666666666859e-02
9.571333333333334470e-03
7.127999999999999788e-03
5.016666666666668405e-03
3.253333333333333771e-03
1.853999999999999962e-03
8.346666666666667164e-04
