# g(x)
3.043169999999999903e-02
2.935416666666667077e-02
2.829178333333333753e-02
2.724479999999999957e-02
2.621346666666667449e-02
2.519803333333333825e-02
2.419875000000000151e-02
2.321586666666666798e-02
2.224963333333333446e-02
2.130029999999999771e-02
2.036811666666667187e-02
1.945333333333333983e-02
1.855620000000000186e-02
1.767696666666666860e-02
1.681588333333333338e-02
1.514916666666667189e-02
1.355805000000000204e-02
1.204453333333333452e-02
1.061061666666666785e-02
7.989583333333334647e-03
5.710949999999999360e-03
3.790716666666668015e-03
2.244883333333333626e-03
1.089450000000000054e-03
