# g(x)
-3.104254249999996440e-02
-3.502925874999997247e-02
-3.919297499999997714e-02
-4.353669124999998141e-02
-4.806340749999997441e-02
-5.277612374999998690e-02
-5.767784000000000799e-02
-6.277155624999998518e-02
-6.806027249999999085e-02
-7.354698875000000025e-02
-7.923470500000000249e-02
-8.512642125000002835e-02
-9.122513750000001143e-02
-9.753385374999994084e-02
-1.040555699999999723e-01
-1.177500024999999645e-01
-1.323324349999999983e-01
-1.478268674999999865e-01
-1.642573000000000505e-01
-2.000221649999999185e-01
-2.398190299999999608e-01
-2.838398950000000087e-01
-3.322767599999998933e-01
-3.853216250000000009e-01
-4.431664900000000240e-01
