# g(x)
-7.839528749999997992e-03
-5.160812499999986591e-03
-2.632096249999979487e-03
-2.503799999999806181e-04
1.987336250000013016e-03
4.084052500000011354e-03
6.042768750000010458e-03
7.866485000000013328e-03
9.558201250000016025e-03
1.112091750000001461e-02
1.255763375000001209e-02
1.387135000000000451e-02
1.506506625000001223e-02
1.614178250000000703e-02
1.710449875000001271e-02
1.869993125000000977e-02
1.987536375000001007e-02
2.065479625000000985e-02
2.106222875000000883e-02
2.085709375000000670e-02
1.945195875000000491e-02
1.703882375000000463e-02
1.380968875000000359e-02
9.956553750000001271e-03
