# g(x)
3.837763333333333443e-02
3.956736666666666596e-02
4.077000000000000068e-02
4.198528333333333834e-02
4.321296666666667174e-02
4.445280000000000759e-02
4.570453333333333867e-02
4.696791666666667170e-02
4.824270000000000641e-02
4.952863333333334950e-02
5.082546666666668683e-02
5.213295000000001123e-02
5.345083333333335712e-02
5.477886666666666876e-02
5.611680000000000834e-02
5.882136666666666625e-02
6.156253333333334965e-02
6.433830000000001492e-02
6.714666666666668782e-02
7.285319999999999296e-02
7.866613333333334623e-02
8.456946666666667611e-02
9.054720000000000824e-02
9.658333333333335435e-02
1.026618666666666846e-01
