# diff in m
3.839999999999999858e+00
3.770000000000000018e+00
3.800000000000000266e+00
3.660000000000000142e+00
3.609999999999999876e+00
3.540000000000000036e+00
3.500000000000000000e+00
3.479999999999999982e+00
3.439999999999999947e+00
3.350000000000000089e+00
3.430000000000000160e+00
3.280000000000000249e+00
3.250000000000000000e+00
3.149999999999999911e+00
3.080000000000000071e+00
3.060000000000000053e+00
3.020000000000000018e+00
2.990000000000000213e+00
2.890000000000000124e+00
2.879999999999999893e+00
2.830000000000000071e+00
2.770000000000000018e+00
2.689999999999999947e+00
2.580000000000000071e+00
2.399999999999999911e+00
2.370000000000000107e+00
2.280000000000000249e+00
2.160000000000000142e+00
2.089999999999999858e+00
2.020000000000000018e+00
1.919999999999999929e+00
1.870000000000000107e+00
1.729999999999999982e+00
1.610000000000000098e+00
1.540000000000000036e+00
1.449999999999999956e+00
1.449999999999999956e+00
1.310000000000000053e+00
1.199999999999999956e+00
1.159999999999999920e+00
1.050000000000000044e+00
9.899999999999999911e-01
9.000000000000000222e-01
7.500000000000000000e-01
6.300000000000000044e-01
5.100000000000000089e-01
4.199999999999999845e-01
3.200000000000000067e-01
2.200000000000000011e-01
1.499999999999999944e-01
8.999999999999999667e-02
