# diff in m
5.000000000000000000e+00
4.950000000000000178e+00
4.780000000000000249e+00
4.820000000000000284e+00
4.719999999999999751e+00
4.580000000000000071e+00
4.530000000000000249e+00
4.530000000000000249e+00
4.400000000000000355e+00
4.419999999999999929e+00
4.310000000000000497e+00
4.129999999999999893e+00
4.139999999999999680e+00
4.060000000000000497e+00
4.020000000000000462e+00
3.990000000000000657e+00
3.870000000000000107e+00
3.780000000000000249e+00
3.700000000000000178e+00
3.649999999999999911e+00
3.629999999999999893e+00
3.520000000000000018e+00
3.459999999999999964e+00
3.410000000000000142e+00
3.339999999999999858e+00
3.290000000000000036e+00
3.129999999999999893e+00
2.930000000000000160e+00
2.859999999999999876e+00
2.729999999999999982e+00
2.560000000000000053e+00
2.439999999999999947e+00
2.359999999999999876e+00
2.209999999999999964e+00
2.129999999999999893e+00
2.000000000000000000e+00
1.860000000000000098e+00
1.739999999999999991e+00
1.650000000000000133e+00
1.550000000000000044e+00
1.469999999999999973e+00
1.350000000000000089e+00
1.229999999999999982e+00
1.150000000000000133e+00
9.500000000000000666e-01
7.900000000000000355e-01
6.300000000000000044e-01
4.899999999999999911e-01
3.699999999999999956e-01
2.600000000000000089e-01
1.700000000000000122e-01
