# g(x)
1.676183850000000364e-01
1.668567500000000536e-01
1.659451150000000597e-01
1.648864800000000574e-01
1.636838450000000778e-01
1.623402100000000403e-01
1.608585750000000592e-01
1.592419400000000540e-01
1.574933050000000556e-01
1.556156700000000392e-01
1.536120350000000634e-01
1.514854000000000478e-01
1.492387650000000510e-01
1.468751300000000204e-01
1.443974950000000423e-01
1.391122250000000615e-01
1.334069550000000492e-01
1.273056850000000295e-01
1.208324150000000263e-01
1.068658750000000268e-01
9.169933500000002069e-02
7.552479500000001955e-02
5.853425500000001419e-02
4.091971500000000928e-02
