# g(x)
9.095891666666666708e-02
8.958333333333334814e-02
8.820899999999998187e-02
8.683616666666665873e-02
8.546508333333333041e-02
8.409600000000000408e-02
8.272916666666668695e-02
8.136483333333335843e-02
8.000325000000002573e-02
7.864466666666666828e-02
7.728933333333334876e-02
7.593750000000001887e-02
7.458941666666667192e-02
7.324533333333334284e-02
7.190550000000001107e-02
7.057016666666665605e-02
6.923958333333334048e-02
6.791399999999998827e-02
6.659366666666667600e-02
6.527883333333334148e-02
6.396975000000001965e-02
6.266666666666667607e-02
6.136983333333334567e-02
6.007950000000000790e-02
5.879591666666666994e-02
5.751933333333333898e-02
5.498816666666667130e-02
5.248800000000000687e-02
5.002083333333335463e-02
4.758866666666668188e-02
4.519350000000000450e-02
4.283733333333333143e-02
4.052216666666667161e-02
3.824999999999999928e-02
3.602283333333333032e-02
3.384266666666667367e-02
3.171150000000000357e-02
2.963133333333333938e-02
2.760416666666666921e-02
2.563200000000000200e-02
2.371683333333333629e-02
2.186066666666666714e-02
2.006549999999999653e-02
1.833333333333333690e-02
1.506600000000000127e-02
1.207466666666666757e-02
9.375333333333336211e-03
6.983999999999999757e-03
4.916666666666668142e-03
3.189333333333333517e-03
1.817999999999999955e-03
