# g(x)
-9.757862500000002992e-02
-8.656249999999998668e-02
-7.584637500000002142e-02
-6.542724999999993685e-02
-5.530212499999997977e-02
-4.546799999999995290e-02
-3.592187500000004752e-02
-2.666075000000001083e-02
-1.768162500000003412e-02
-8.981499999999975614e-03
-5.573750000000265992e-04
7.593749999999954703e-03
1.547487499999999905e-02
2.308900000000002617e-02
3.043912500000001131e-02
3.752825000000004074e-02
4.435937500000003419e-02
5.093550000000002242e-02
5.725962499999998068e-02
6.333474999999999522e-02
6.916387499999998578e-02
7.474999999999998312e-02
8.009612499999999025e-02
8.520524999999998239e-02
9.008037500000001807e-02
9.472449999999998926e-02
1.033317500000000277e-01
1.110510000000000386e-01
1.179062499999999902e-01
1.239215000000000177e-01
1.291207500000000341e-01
1.335279999999999800e-01
1.371672500000000183e-01
1.400625000000000064e-01
1.422377500000000239e-01
1.437170000000000114e-01
1.445242500000000208e-01
1.446835000000000204e-01
1.442187500000000067e-01
1.431540000000000035e-01
1.415132500000000348e-01
1.393205000000000138e-01
1.365997499999999920e-01
1.333750000000000213e-01
1.255095000000000238e-01
1.159159999999999913e-01
1.047865000000000185e-01
9.231299999999999228e-02
7.868750000000000744e-02
6.410200000000000620e-02
4.874850000000000017e-02
