#werte mal 10^2 mm
#wert 1 #wert 2 #position der uhr in mm
696 312 505
701 324 500
712 332 495
706 340 490
704 343 485
707 353 480
711 361 475
712 364 470
714 370 465
718 383 460
730 387 455
727 399 450
734 409 445
730 415 440
733 425 435
736 430 430
740 438 425
741 442 420
745 456 415
748 460 410
750 467 405
752 475 400
757 488 390
759 501 380
765 525 370
765 528 360
768 540 350
770 554 340
774 565 330
#zweite uhr
927 725 330
932 740 320
942 755 310
940 767 300
939 778 290
946 792 280
951 806 270
957 812 260
960 829 250
963 843 240
970 854 230
972 867 220
979 880 210
982 892 200
991 916 180
1000 937 160
1011 960 140
1023 981 120
1033 1001 100
1043 1021 80
1055 1040 60
1065 1056 40
