831 772 290
831 774 295
833 774 300
831 773 305
831 772 310
833 772 315
832 778 320
832 778 325
831 779 330
832 779 335
832 780 340
832 781 345
831 782 350
833 783 355
833 784 360
833 787 370
834 789 380
835 793 390
836 796 400
837 799 420
840 809 440
841 813 460
843 820 480
846 830 500
847 836 520
850 845 540
#zweite uhr
1008 950 255
1008 955 250
1007 956 245
1009 957 240
1008 958 235
1011 960 230
1011 962 225
1013 964 220
1013 966 215
1015 969 210
1016 972 205
1017 973 200
1018 976 195
1020 979 190
1021 980 185
1023 986 175
1026 990 165
1030 997 155
1032 1002 145
1040 1015 125
1045 1026 105
1054 1038 85
1062 1051 65
1069 1062 45
